# contoh level kesulitan sudoku, buat uji coba codingan

# yang 24

grid =[[0, 0, 6, 0, 0, 8, 4, 0, 0],
       [5, 2, 0, 0, 0, 0, 0, 0, 0],
       [0, 8, 7, 0, 0, 0, 0, 0, 1],
       [0, 0, 3, 0, 1, 0, 0, 0, 0],
       [9, 0, 0, 0, 0, 3, 0, 0, 5],
       [0, 5, 0, 0, 9, 0, 0, 0, 0],
       [1, 3, 0, 0, 0, 0, 0, 5, 0],
       [0, 0, 0, 0, 0, 0, 0, 7, 4],
       [0, 0, 5, 2, 0, 6, 3, 0, 0]]

# yang 29

grid = [[0, 0, 0, 0, 0, 0, 0, 0, 0],
        [0, 0, 1, 0, 7, 0, 0, 2, 0],
        [2, 0, 5, 0, 0, 0, 7, 0, 0],
        [0, 5, 0, 0, 0, 0, 3, 0, 0],
        [0, 8, 0, 3, 0, 0, 0, 7, 0],
        [3, 1, 4, 0, 0, 0, 5, 8, 9],
        [9, 2, 0, 0, 0, 8, 0, 0, 7],
        [0, 0, 3, 0, 6, 0, 0, 5, 8],
        [5, 4, 0, 0, 0, 0, 0, 9, 1]]

# yang 32

grid =[[3, 0, 6, 5, 0, 8, 4, 0, 0],
          [5, 2, 0, 0, 0, 0, 0, 0, 0],
          [0, 8, 7, 0, 0, 0, 0, 3, 1],
          [0, 0, 3, 0, 1, 0, 0, 8, 0],
          [9, 0, 0, 8, 6, 3, 0, 0, 5],
          [0, 5, 0, 0, 9, 0, 6, 0, 0],
          [1, 3, 0, 0, 0, 0, 2, 5, 0],
          [0, 0, 0, 0, 0, 0, 0, 7, 4],
          [0, 0, 5, 2, 0, 6, 3, 0, 0]]

# yang 45

grid =[[0, 0, 0, 5, 0, 0, 2, 6, 9],
 	[7, 0, 0, 9, 8, 2, 0, 3, 0],
 	[0, 2, 9, 1, 3, 6, 8, 7, 0],
 	[2, 0, 0, 8, 0, 3, 4, 1, 5],
 	[0, 0, 1, 4, 5, 9, 7, 0, 6],
 	[0, 4, 0, 0, 0, 0, 0, 9, 0],
 	[0, 7, 0, 6, 0, 8, 1, 5, 3],
 	[8, 0, 0, 3, 0, 0, 9, 4, 7],
 	[0, 5, 3, 0, 0, 1, 6, 0, 0]]

